7781
7770
7729
7884
7766
7788
7755
7868
7798
7910
7644
7726
7695
7731
7797
7686
7670
7824
7651
7851
7708
7894
7841
7845
7745
7906
7650
7860
7636
7623
7874
7828
7887
7867
7702
7812
7820
7679
7645
7827
7662
7764
7754
7631
7908
7661
7704
7855
7730
7680
7713
7840
7893
7881
7854
7871
7902
7903
7909
7720
7763
7911
7626
7789
7677
7698
7899
7873
7885
7890
7671
7735
7846
7900
7832
7829
7744
7862
7659
7656
7880
7775
7762
7654
7746
7802
7859
7723
7675
7669
7847
7869
7634
7732
7747
7717
7740
7790
7705
7633
7861
7691
7793
7815
7760
7699
7804
7875
7706
7696
7736
7852
7864
7787
7727
7667
7674
7808
7693
7728
7690
7709
7776
7835
7895
7734
7877
7811
7758
7742
7839
7637
7648
7809
7622
7687
7891
7660
7738
7912
7684
7751
7676
7905
7882
7756
7657
7703
7739
7807
7786
7785
7672
7796
7823
7668
7712
7819
7844
7718
7722
7863
7624
7888
7627
7799
7655
7814
7752
7681
7817
7664
7889
7778
7678
7897
7826
7725
7673
7700
7794
7724
7896
7803
7707
7838
7638
7904
7907
7834
7694
7774
7879
7715
7795
7831
7719
7816
7629
7780
7635
7913
7710
7779
7632
7642
7843
7701
7658
7721
7886
7640
7782
7692
7842
7850
7784
7872
7685
7759
7663
7733
7878
7682
7836
7689
7688
7620
7870
7753
7749
7821
7901
7630
7768
7825
7783
7625
7792
7750
7714
7716
7711
7771
7822
7666
7647
7646
7653
7876
7866
7741
7892
7848
7649
7914
7772
7761
7801
7621
7810
7865
7857
7737
7813
7856
7830
7777
7767
7743
7800
7765
7628
7915
7858
7652
7643
7769
7898
7641
7697
7748
7683
7837
7773
7849
7818
7619
7757
7791
7805
7665
7853
7883
7833
7806
7639
6752
6608
6603
6466
6607
6757
6483
6461
6635
6652
6560
6741
6547
6464
6598
6751
6528
6745
6565
6645
6761
6538
6569
6661
6734
6683
6552
6556
6561
6573
6773
6732
6680
6694
6651
6631
6758
6665
6484
6662
6602
6549
6473
6541
6521
6774
6520
6489
6660
6673
6707
6696
6543
6646
6687
6494
6574
6504
6788
6617
6620
6497
6743
6529
6479
6693
6756
6589
6772
6712
6767
6675
6501
6636
6513
6584
6613
6488
6759
6747
6604
6618
6713
6458
6476
6737
6672
6768
6740
6481
6571
6562
6539
6735
6586
6601
6616
6700
6612
6748
6480
6677
6577
6668
6594
6576
6522
6697
6639
6451
6526
6482
6579
6648
6532
6467
6505
6611
6563
6731
6701
6764
6493
6670
6720
6507
6714
6478
6724
6462
6681
6597
6518
6657
6449
6593
6477
6738
6463
6534
6755
6719
6468
6490
6778
6641
6705
6474
6622
6535
6546
6450
6710
6471
6524
6465
6590
6557
6531
6786
6508
6627
6781
6550
6527
6472
6785
6685
6628
6654
6638
6519
6782
6600
6499
6498
6609
6777
6459
6678
6775
6544
6770
6629
6640
6682
6736
6746
6716
6566
6506
6776
6606
6762
6457
6684
6653
6723
6517
6578
6679
6688
6669
6692
6634
6739
6487
6575
6523
6686
6614
6492
6570
6580
6674
6515
6455
6512
6599
6659
6749
6486
6626
6667
6559
6666
6779
6475
6771
6721
6619
6605
6704
6470
6582
6581
6503
6460
6766
6592
6715
6510
6676
6545
6537
6717
6783
6663
6718
6691
6780
6542
6610
6655
6447
6595
6585
6750
6502
6509
6596
6568
6656
6689
6511
6558
6711
6703
6453
6615
6514
6649
6621
6787
6623
6548
6658
6727
6709
6769
6722
6728
6553
6533
6708
6567
6725
6664
6765
6485
6643
6702
6456
6644
6754
6588
6733
6729
6525
6637
6530
6500
6753
6699
6647
6448
6625
6763
6496
6726
6554
6690
6744
6632
6650
6706
6784
6495
6671
6469
6630
6564
6587
6624
6730
6540
6642
6452
6491
6572
6516
6536
6760
6591
6583
6633
6698
6454
6695
6555
6742
9954
9995
9935
9974
9957
9987
9966
9952
9997
9975
10035
9982
9948
10028
9973
9984
10033
10015
10010
9998
9932
9938
10011
9955
10025
9994
9977
10022
9941
10013
9976
9964
10002
9968
10009
9972
9980
10016
10014
9949
9988
10034
9979
9960
9939
10004
9967
9991
9936
10030
9945
10003
9951
9943
10012
9942
9940
9963
9933
10021
10001
9961
10027
9971
10008
9983
10040
9989
10038
9946
9937
10000
9950
10005
10020
10017
10023
9944
9986
9970
9953
10018
9959
10037
9947
9965
10041
9934
10007
10036
9999
9978
10029
10039
10031
9985
9990
10006
10019
9962
9993
9956
9969
10032
10024
9996
9981
10026
4573
4255
4616
4521
4746
4713
4730
4341
4172
4330
4588
4519
4565
4424
4149
4714
4456
4762
4450
4580
4128
4764
4475
4552
4659
4167
4604
4144
4429
4277
4118
4688
4531
4451
4676
4650
4494
4773
4441
4745
4207
4454
4489
4357
4538
4687
4422
4127
4350
4123
4472
4146
4218
4723
4119
4329
4528
4171
4546
4653
4751
4562
4235
4484
4238
4683
4742
4324
4771
4246
4319
4540
4232
4697
4493
4627
4609
4403
4694
4757
4549
4184
4318
4556
4225
4126
4381
4486
4388
4675
4578
4438
4710
4574
4692
4262
4647
4175
4701
4150
4264
4739
4166
4345
4258
4402
4511
4344
4544
4611
4148
4685
4444
4496
4508
4282
4621
4400
4292
4602
4735
4772
4520
4215
4413
4311
4326
4281
4391
4117
4201
4275
4492
4379
4244
4491
4637
4536
4593
4409
4298
4567
4355
4725
4138
4320
4230
4731
4214
4737
4331
4338
4768
4620
4342
4623
4294
4443
4752
4477
4392
4249
4759
4504
4482
4707
4618
4378
4523
4299
4129
4615
4181
4315
4734
4197
4560
4327
4748
4314
4300
4693
4220
4654
4337
4551
4514
4681
4646
4724
4753
4608
4165
4458
4130
4268
4348
4763
4740
4642
4186
4407
4718
4322
4151
4394
4374
4548
4198
4651
4237
4310
4765
4228
4436
4408
4728
4663
4376
4749
4419
4733
4254
4347
4452
4211
4367
4417
4122
4727
4726
4673
4644
4635
4684
4434
4564
4679
4307
4622
4686
4161
4251
4596
4133
4600
4274
4442
4529
4500
4569
4187
4525
4373
4682
4576
4194
4490
4577
4136
4233
4435
4661
4664
4513
4297
4213
4440
4509
4527
4545
4147
4174
4524
4572
4503
4293
4744
4461
4397
4425
4160
4432
4586
4414
4389
4241
4250
4770
4356
4672
4272
4346
4343
4364
4124
4584
4640
4613
4579
4634
4200
4288
4708
4690
4328
4386
4626
4463
4332
4767
4542
4196
4366
4639
4624
4295
4360
4321
4641
4285
4387
4393
4657
4736
4182
4412
4135
4415
4630
4418
4766
4340
4705
4680
4139
4223
4457
4145
4384
4512
4617
4261
4253
4474
4411
4305
4455
4711
4571
4582
4636
4308
4446
4502
4377
4633
4506
4476
4437
4431
4259
4590
4761
4369
4121
4696
4665
4610
4176
4606
4583
4334
4445
4296
4353
4589
4426
4283
4501
4712
4543
4216
4316
4756
4265
4257
4632
4154
4468
4612
4302
4645
4159
4480
4473
4131
4134
4518
4208
4559
4534
4153
4368
4678
4396
4390
4290
4203
4702
4156
4404
4605
4526
4649
4555
4206
4195
4488
4371
4247
4177
4333
4428
4271
4260
4695
4495
4466
4533
4591
4229
4643
4652
4599
4704
4325
4178
4563
4170
4227
4497
4674
4709
4323
4380
4132
4199
4462
4568
4269
4173
4758
4204
4553
4541
4575
4671
4743
4363
4614
4669
4423
4370
4700
4352
4267
4769
4530
4382
4447
4189
4231
4603
4516
4670
4738
4720
4291
4142
4168
4595
4464
4240
4691
4239
4597
4629
4383
4430
4453
4668
4398
4677
4585
4535
4349
4592
4266
4399
4550
4351
4566
4317
4164
4505
4698
4336
4217
4648
4703
4439
4169
4479
4304
4741
4547
4655
4515
4721
4619
4427
4372
4581
4510
4162
4143
4717
4662
4557
4716
4180
4715
4532
4699
4732
4522
4313
4202
4116
4276
4191
4406
4471
4487
4224
4594
4279
4263
4507
4499
4140
4498
4558
4183
4243
4270
4236
4628
4209
4689
4312
4470
4755
4212
4152
4517
4385
4421
4658
4309
4226
4706
4179
4460
4280
4221
4433
4358
4284
4485
4354
4481
4192
4289
4598
4301
4303
4561
4361
4478
4157
4278
4362
4359
4625
4607
4286
4601
4667
4248
4459
4449
4666
4395
4339
4234
4125
4465
4537
4570
4760
4365
4120
4242
4554
4188
4141
4335
4273
4245
4401
4660
4750
4410
4205
4483
4190
4722
4631
4375
4193
4656
4754
4420
4219
4252
4416
4222
4467
4155
4137
4448
4185
4587
4469
4287
4729
4638
4158
4163
4719
4747
4210
4306
4539
4256
4405
9524
9581
9496
9646
9580
9534
9551
9681
9470
9548
9541
9494
9536
9676
9457
9489
9472
9647
9498
9620
9542
9605
9463
9675
9607
9579
9679
9539
9438
9476
9538
9639
9635
9437
9564
9640
9599
9544
9504
9628
9621
9689
9452
9610
9690
9566
9526
9549
9629
9598
9601
9584
9478
9533
9586
9614
9615
9671
9585
9554
9568
9626
9661
9655
9486
9587
9462
9444
9553
9687
9456
9650
9591
9491
9516
9678
9593
9454
9630
9555
9663
9531
9545
9565
9670
9645
9642
9576
9485
9673
9547
9619
9637
9503
9638
9518
9469
9574
9623
9511
9658
9468
9493
9582
9473
9530
9502
9501
9684
9695
9497
9654
9667
9523
9522
9644
9445
9464
9446
9657
9588
9694
9648
9479
9609
9682
9535
9660
9625
9447
9572
9622
9633
9668
9597
9611
9448
9509
9515
9562
9634
9664
9604
9455
9571
9643
9569
9685
9500
9595
9482
9636
9672
9487
9458
9513
9558
9532
9603
9488
9507
9653
9520
9492
9525
9543
9612
9481
9475
9519
9691
9461
9662
9510
9596
9557
9649
9450
9521
9460
9465
9693
9651
9490
9546
9618
9577
9552
9641
9652
9506
9590
9686
9484
9674
9477
9683
9480
9459
9573
9606
9583
9556
9624
9529
9466
9631
9575
9617
9540
9442
9632
9563
9666
9561
9439
9499
9495
9443
9600
9608
9508
9453
9451
9578
9594
9441
9669
9440
9560
9505
9517
9692
9483
9449
9589
9592
9616
9559
9550
9613
9567
9467
9665
9512
9527
9528
9627
9514
9677
9656
9602
9474
9688
9680
9471
9570
9537
9659
10045
10042
10048
10043
10050
10044
10053
10046
10052
10049
10051
10047
9386
9215
9243
9248
9407
9267
9348
9325
9283
9260
9194
9234
9258
9411
9380
9375
9310
9217
9256
9235
9400
9202
9205
9378
9274
9316
9323
9231
9401
9298
9223
9275
9416
9389
9303
9384
9299
9429
9208
9409
9230
9420
9203
9412
9363
9390
9405
9385
9249
9379
9207
9318
9396
9381
9333
9296
9317
9250
9232
9278
9320
9383
9237
9196
9222
9354
9360
9436
9247
9292
9226
9419
9391
9349
9424
9328
9266
9309
9368
9331
9362
9334
9387
9432
9269
9388
9225
9393
9435
9297
9414
9268
9339
9276
9428
9399
9395
9422
9228
9244
9265
9326
9372
9352
9300
9346
9211
9344
9245
9224
9431
9285
9421
9403
9365
9353
9327
9239
9433
9324
9307
9204
9198
9426
9345
9295
9398
9199
9242
9214
9382
9343
9392
9291
9212
9281
9308
9221
9366
9216
9288
9342
9294
9311
9330
9209
9262
9336
9259
9280
9197
9371
9394
9255
9229
9279
9332
9273
9254
9358
9335
9376
9312
9304
9347
9374
9233
9351
9246
9302
9425
9430
9289
9359
9306
9377
9251
9338
9319
9210
9219
9404
9370
9241
9206
9434
9367
9305
9201
9277
9200
9355
9257
9261
9293
9195
9397
9357
9418
9423
9410
9253
9364
9314
9252
9263
9301
9238
9340
9240
9337
9350
9272
9321
9313
9341
9427
9406
9218
9315
9213
9361
9282
9356
9284
9264
9413
9286
9415
9369
9408
9236
9329
9373
9287
9227
9270
9417
9290
9220
9402
9271
9322
9160
9129
9070
9091
9117
9184
9098
8983
8931
9069
8954
8928
9157
8973
9079
9153
8988
9135
9121
9099
9033
9050
9064
9137
9062
9183
9187
9010
8981
9014
8946
9077
9082
9133
8984
9023
9101
8964
9100
9122
9005
9115
9084
8958
9110
8936
9192
9191
9106
8949
9120
9172
9114
9123
9154
9168
9004
9001
9119
9164
9067
8951
9105
9057
9007
9075
9176
9058
8955
9040
9071
9039
9060
9044
9046
9177
9170
9148
9104
9027
9029
8965
9136
8930
9053
9078
9096
9085
9015
9017
8941
9013
9146
9074
9144
9011
9063
9009
9022
9049
8961
9155
9151
9175
9125
8948
9166
9126
8986
8999
9066
8989
9042
9189
9132
8940
9048
8969
9008
8926
9159
9167
9147
9089
9186
8996
8953
8992
8995
8978
9081
9149
9045
8990
9041
9118
9003
9086
9150
9108
9179
8968
9043
9107
9162
9139
8971
8938
9138
9181
9036
9163
9112
9161
8998
9000
8962
9169
8963
8935
9018
9030
9076
9065
8979
9047
9021
8972
9019
8997
9185
9128
8925
8991
9068
8974
8957
9156
9038
8933
9073
9034
9056
9080
9006
9032
8950
9035
9088
9094
8937
8943
9087
9037
9182
9031
8987
8970
8947
9072
9140
9054
9051
8967
8932
9180
8952
9055
9028
8975
9127
9188
9190
9152
9173
8927
9092
9059
9093
8966
9165
9145
9178
8982
8929
8945
9097
9024
9002
9061
8934
9020
9102
9083
8977
9103
8942
9174
9016
9158
8976
8939
9130
9143
9124
9131
9111
9193
9095
9025
9113
8980
9052
8959
9012
9171
8985
9142
9116
9134
8993
9026
8960
9141
8944
8994
9090
9109
8956
8809
8866
8736
8920
8777
8899
8822
8827
8810
8797
8855
8877
8865
8841
8782
8800
8893
8747
8772
8819
8854
8882
8914
8751
8824
8883
8813
8874
8878
8735
8764
8773
8734
8768
8807
8826
8770
8843
8753
8816
8897
8776
8856
8829
8769
8867
8834
8811
8913
8780
8801
8901
8788
8744
8743
8857
8763
8919
8778
8746
8745
8766
8828
8814
8779
8847
8924
8859
8884
8912
8741
8831
8891
8909
8767
8879
8844
8771
8923
8888
8880
8835
8762
8765
8849
8775
8906
8749
8863
8787
8823
8904
8791
8760
8896
8820
8871
8799
8817
8918
8905
8748
8842
8885
8907
8898
8838
8870
8892
8903
8850
8808
8922
8737
8840
8832
8754
8862
8869
8846
8861
8825
8894
8796
8900
8806
8917
8858
8895
8881
8742
8794
8911
8860
8758
8740
8853
8786
8921
8759
8845
8761
8864
8781
8852
8774
8803
8875
8757
8886
8785
8783
8784
8739
8755
8792
8818
8752
8839
8793
8756
8873
8910
8915
8902
8851
8848
8790
8868
8830
8738
8836
8798
8833
8876
8789
8795
8887
8750
8908
8821
8805
8916
8890
8815
8812
8802
8837
8872
8804
8889
10103
10067
10167
10068
10260
10073
10273
10114
10105
10204
10109
10249
10141
10056
10183
10277
10077
10083
10266
10123
10231
10055
10276
10205
10203
10092
10087
10137
10095
10140
10252
10151
10196
10194
10281
10158
10217
10283
10147
10165
10184
10094
10090
10220
10206
10210
10064
10198
10278
10166
10212
10200
10085
10259
10247
10271
10119
10142
10054
10155
10139
10110
10243
10280
10062
10143
10282
10251
10157
10202
10177
10215
10058
10106
10112
10279
10225
10253
10148
10152
10221
10176
10187
10125
10178
10223
10186
10115
10226
10128
10120
10248
10078
10246
10191
10097
10116
10211
10134
10256
10258
10267
10233
10118
10174
10250
10229
10163
10242
10153
10262
10144
10133
10209
10098
10126
10228
10063
10213
10181
10102
10066
10227
10175
10173
10088
10190
10230
10255
10238
10257
10208
10261
10130
10182
10270
10149
10138
10136
10201
10072
10101
10195
10159
10145
10254
10156
10180
10079
10272
10265
10172
10059
10232
10121
10245
10169
10127
10071
10164
10111
10171
10160
10096
10170
10168
10070
10235
10219
10269
10080
10108
10185
10075
10179
10197
10084
10244
10122
10081
10132
10113
10086
10093
10131
10268
10214
10150
10065
10091
10154
10161
10162
10224
10124
10100
10239
10216
10104
10057
10135
10234
10146
10236
10107
10199
10207
10240
10193
10237
10074
10189
10274
10192
10264
10275
10284
10069
10263
10218
10188
10222
10241
10099
2288
1948
1924
1753
1799
1503
2386
2268
1576
1842
1668
2340
1862
1883
2184
2240
1725
2081
1636
1517
2159
2011
2074
1656
2257
1635
2001
1769
1756
2190
1545
1960
1663
2266
2054
1828
2147
1515
2309
1574
2367
2057
1729
1575
1896
2427
2463
1866
2007
1846
2277
1513
2289
1718
1808
2255
1659
2456
1597
1752
2285
1661
2208
2394
1894
2183
2172
2432
1768
2198
2008
2231
1692
1724
1809
2210
2113
2082
1578
1730
2096
1530
2353
2333
2329
2338
2209
1716
1904
2248
1520
1687
1872
2213
2055
1794
1655
1536
2358
2154
2449
2201
1527
1929
2044
2090
1937
2300
1741
1965
1714
2431
2293
2373
2116
2292
2166
2104
1946
1701
1791
1875
2241
2259
2029
2311
1519
2363
1626
2284
1554
2426
1985
2365
1851
2043
2330
1573
2052
2273
1986
1621
2199
1903
1994
2033
2364
1890
2145
2312
1587
2304
1759
1893
1509
2392
2339
1632
2370
2112
1820
1694
1699
1810
2187
1785
2369
1704
1595
2398
1737
1917
1849
1826
1858
2322
2101
1901
1936
1910
1664
1972
1762
1771
2310
2361
2411
1806
1525
1628
1739
2378
1551
2442
1648
1991
1542
1593
2424
2242
2264
1870
1811
2189
1787
2061
2040
1590
2128
2435
2094
2347
2122
2212
2381
2393
1853
1797
2383
1654
1869
2021
1556
2453
1933
1821
2002
1700
1819
2191
1553
1932
2110
2065
1720
1671
2238
2225
1589
1867
1641
1568
1690
2260
1856
2220
2025
2030
1880
1898
1508
1780
2019
2217
1623
2099
1978
2372
1971
2457
2324
2120
2020
2156
2215
2129
1816
1531
1688
1598
1528
2058
2280
1999
1582
1922
1640
1524
2351
1639
2244
1834
1829
2357
1612
1592
1955
1707
2000
2076
2239
1944
2062
2314
1660
1773
2102
1618
2413
1831
2153
1876
2446
2318
2415
2297
2327
2235
1783
2039
1572
1682
1571
1733
1657
1792
1877
1817
1923
1952
1549
1977
2024
2038
1727
2202
1907
2013
1605
1905
2173
1504
1885
2124
1815
1790
1544
2428
1689
1863
2093
2408
2282
2211
2458
1861
1987
1608
1677
1543
1836
1697
1534
1619
2016
1691
2161
2252
2109
1518
1847
2461
2341
2107
1763
2380
1967
2207
1897
2335
2281
2438
2169
2170
1761
2142
2404
2223
2418
2356
1676
1850
2028
1992
2294
1804
1712
1680
1588
1516
2388
2272
1731
2436
2406
1603
2136
1735
1539
1511
2226
2027
1886
1558
2320
2015
2328
2389
2163
1855
1980
1906
2139
2059
1647
2151
2162
2144
2405
1734
1993
2091
1973
2430
1653
1532
2390
2195
2323
2400
2429
1949
1844
1995
1976
2140
2126
2345
1772
1801
1925
1633
2397
2317
1913
2354
2133
2121
1702
1779
2097
1634
2182
1533
2262
1982
2018
2045
2017
2306
2080
1570
2165
1755
2132
2009
2326
1835
1788
1840
1673
2247
1959
2066
2379
2050
1789
2376
1583
2204
2010
1645
1579
2149
2287
1601
1874
2036
2106
1777
2005
2086
1798
1800
2048
1627
2399
2135
1824
2237
2265
2352
2295
1975
2298
1708
1644
1540
1778
2451
1681
2085
1560
1746
1552
1807
1927
2305
1930
1926
1832
1637
1541
1833
1620
1604
2236
2041
1854
1693
1909
1521
1953
2368
1683
1686
2416
2222
1962
2349
2258
2014
1860
1939
2286
1957
1784
2422
2056
1561
1703
2346
1732
2229
2433
1745
2443
2307
1830
1888
1649
2152
1566
2251
1908
1918
1629
2186
1719
2108
2100
2313
2075
1695
2227
1889
1776
2023
2334
1943
1614
1630
1596
1878
1713
2253
1559
2167
2177
1750
2079
1757
1581
2092
1764
1916
2332
2448
1754
2051
2138
2004
1747
1651
1983
1650
1726
2160
1577
1684
1611
2083
2087
1822
2343
1548
1805
1852
1721
1547
1742
1535
2437
1845
1921
2256
1758
2200
2026
2232
2203
1899
2401
1848
2103
1602
2228
1920
2072
2192
1802
1526
1954
1979
1562
2130
2308
1674
1670
1706
2412
2088
2046
2303
1740
1622
2224
1666
1591
1658
1928
1652
2360
1642
2316
1565
1751
1698
1931
2319
2440
1827
2250
2168
1679
2157
2035
2216
2434
1970
2053
2454
1969
2455
2377
2396
1705
2031
2274
1990
2003
1796
1523
2176
1717
2371
2196
1765
2197
2234
2267
1782
2175
1514
1951
1617
1586
2315
2387
1873
1859
2423
2425
2068
2037
2410
2143
1837
1506
2123
1795
1812
2395
2246
2460
1900
1825
2283
1813
2006
2105
2439
2336
2299
1744
2409
1616
1609
2193
2070
1563
1736
1546
2115
2359
1665
1887
1607
1662
1919
2230
2077
2032
1940
2233
1723
2374
1678
2188
2078
2171
2185
2073
1884
2375
2407
1710
1839
2385
2249
2047
1507
2148
2420
2441
2296
1667
2174
2462
2034
1793
1738
1786
2279
1914
2205
2111
2089
1567
1606
2337
2254
1881
2384
1625
1638
1600
1781
1569
1599
1722
1522
2263
2084
1941
2301
2275
1974
1510
1669
1989
1911
1915
1984
2119
2127
2141
1709
1615
1938
1947
1711
2302
2421
2118
1997
2067
2291
2321
2245
2178
2261
1838
1823
1505
1891
1968
2206
1963
2417
2403
2221
2194
2350
1613
1538
1501
2131
1864
1584
2022
1803
1555
1818
2271
1696
2181
2355
1950
1728
2117
1585
1610
1624
1675
1964
1502
2114
1879
1775
2219
2243
2155
1956
2447
2402
2331
2325
2049
2164
2134
1942
1988
2382
2063
1934
2464
1868
1935
1902
1760
2071
1594
2278
2342
2348
1895
1998
2064
2362
1996
1672
2180
1882
1631
2414
1537
1774
2012
1981
1843
2276
2146
1715
1529
1767
2444
1958
2218
2419
1841
2290
2214
2125
2095
1892
1966
1685
1512
1748
1557
1945
2158
1857
1961
2069
1749
2098
1743
2344
2137
2042
2391
1646
1912
2445
2269
2450
1871
1770
2150
1580
1643
1766
1564
2366
2270
2179
2459
1550
1865
2060
1814
2452
8697
8635
8670
8732
8636
8684
8644
8639
8598
8666
8733
8720
8683
8624
8630
8680
8602
8611
8687
8724
8729
8606
8713
8632
8609
8699
8642
8722
8601
8678
8614
8661
8615
8690
8682
8685
8725
8696
8721
8626
8715
8597
8726
8641
8688
8706
8698
8658
8707
8718
8653
8728
8623
8625
8708
8649
8613
8704
8634
8709
8599
8691
8648
8600
8640
8672
8671
8719
8627
8660
8727
8617
8679
8731
8628
8631
8654
8693
8711
8686
8716
8730
8652
8710
8621
8596
8668
8651
8695
8646
8703
8689
8637
8664
8620
8619
8607
8681
8676
8705
8717
8674
8647
8638
8612
8663
8702
8655
8657
8610
8677
8650
8692
8701
8667
8643
8700
8603
8645
8622
8723
8618
8608
8662
8604
8659
8712
8616
8675
8656
8665
8694
8629
8669
8605
8714
8673
8633
9778
9739
9922
9791
9830
9870
9763
9838
9831
9765
9931
9720
9711
9708
9760
9863
9828
9742
9879
9900
9837
9861
9905
9704
9788
9911
9766
9906
9877
9748
9783
9914
9849
9923
9843
9721
9785
9722
9858
9855
9710
9717
9891
9859
9920
9908
9753
9856
9745
9924
9734
9876
9780
9929
9757
9696
9758
9887
9727
9796
9818
9810
9819
9749
9790
9801
9808
9723
9703
9709
9773
9875
9794
9714
9839
9848
9768
9712
9719
9881
9715
9880
9772
9834
9832
9857
9820
9885
9847
9738
9769
9868
9770
9764
9809
9892
9854
9793
9884
9930
9888
9718
9754
9725
9706
9823
9846
9798
9899
9775
9902
9805
9893
9869
9751
9729
9917
9789
9732
9822
9702
9787
9800
9799
9844
9918
9812
9874
9878
9841
9897
9882
9698
9842
9806
9733
9919
9807
9826
9797
9872
9840
9866
9916
9741
9895
9792
9814
9913
9746
9909
9707
9777
9886
9724
9813
9759
9761
9816
9853
9915
9776
9883
9867
9927
9784
9743
9871
9782
9890
9907
9735
9740
9898
9750
9873
9862
9824
9731
9901
9699
9767
9713
9845
9850
9925
9910
9811
9829
9821
9728
9833
9774
9762
9851
9771
9815
9865
9781
9835
9786
9860
9896
9817
9744
9894
9756
9904
9852
9701
9716
9795
9802
9912
9752
9827
9779
9903
9697
9736
9755
9825
9926
9889
9803
9726
9730
9705
9804
9700
9928
9747
9921
9864
9836
9737
7919
7930
7918
7921
7926
7923
7932
7929
7925
7916
7927
7920
7928
7922
7931
7917
7924
5003
4906
5230
4934
5157
4923
5396
5176
5191
4843
5186
4902
5122
4898
5275
5051
5345
5409
5321
5181
5325
4974
5296
4918
5405
4802
4958
4859
4994
4822
5040
4935
4801
5035
5391
5101
4901
5364
5183
5034
5149
4831
5171
5241
5041
5399
5153
5087
5148
4774
5401
4797
5248
5302
4938
4971
4991
5090
5207
4996
5328
4972
4952
5091
5256
5161
4964
5231
4961
4815
5024
5050
4877
5397
4788
5150
4977
5145
4955
4941
5059
5360
5314
5411
5380
5223
4911
5412
4989
5334
5343
5166
5012
5392
4946
4890
5244
5372
4826
4814
5258
4836
5374
5086
5289
5190
5027
4825
4844
5025
5134
4840
5387
4916
4800
4834
4896
5363
4984
4794
4879
5146
5408
5205
5017
5115
4897
5274
4956
5311
5174
4867
5390
4856
5106
5132
4807
5188
4813
5235
4962
5175
5053
5128
4975
4786
5036
5185
4999
5242
5221
5394
5317
5028
5026
4805
5259
5355
5133
5344
4885
5300
4997
5007
5268
5297
5218
4804
5179
4839
5430
4866
5304
5182
4990
4986
4824
5139
5165
5079
5291
5094
4965
4864
5323
5327
5310
5063
5001
4960
5004
5117
4932
5085
4865
4775
4973
5013
4861
4930
5214
5422
5030
4979
5204
4987
5217
5367
5251
5262
4925
4995
4936
5330
5402
4908
4827
4894
5010
5335
5414
4776
5037
5224
5272
4940
5005
4849
5173
5135
5110
5239
4921
5120
5264
5320
5212
5222
4841
5031
5019
4810
5147
4957
4808
4838
4842
5386
4777
5347
5324
5299
4855
4882
5066
5350
5098
5097
4907
5111
4895
5348
4949
5093
5206
4888
5376
5331
5137
5425
5277
5069
5065
5219
4869
5061
4837
5168
5329
5261
5404
4951
5257
4848
4780
5370
4803
5375
4900
5049
4809
5250
5167
5103
5022
5045
5216
5308
5164
5351
5381
5336
5245
5072
5253
4943
5333
5362
5006
5357
5020
5096
5131
5419
5042
4948
5315
5428
5194
5062
4792
5418
5233
5400
5064
4892
4835
5202
4874
5058
5403
5312
4833
5352
5130
4931
5067
5416
4893
4820
5382
4903
5038
5252
5089
5056
4922
5203
5284
4845
5008
5170
4878
5046
4959
5180
5292
5237
4886
5138
4787
5209
5421
5240
5276
4905
5288
4970
5279
5119
4899
5243
4881
5151
5075
4781
4857
5293
4985
4806
4791
5099
5340
4872
4968
5260
4889
4884
5213
5080
4887
5142
5283
5144
4909
4967
4863
5023
5162
5092
5342
4988
4993
4847
5339
5427
5413
5163
4915
5295
4789
5410
4904
4954
4819
5102
4828
4929
5177
5127
5189
5229
5169
5270
4992
5305
5318
4798
4795
5266
5178
4945
5388
5353
4846
4832
4876
4790
5060
5047
5136
5269
4862
4920
5108
5014
5198
4883
4871
5155
4944
5368
5088
4917
5369
5356
5016
5307
5232
4942
4933
5033
5354
5417
5246
5377
5393
5285
4778
4818
4868
5378
5420
5081
5159
5055
5358
4811
5406
5074
5384
5048
4785
4851
4981
5112
5021
4782
4852
5249
5015
5281
4966
5273
4982
5009
5071
4796
5199
5338
5116
5423
5389
5000
4850
5002
4829
5113
4891
5337
4779
5373
5197
5077
5267
5271
4913
5254
5193
5278
5129
5398
5121
4821
5236
5365
5126
4830
5309
5068
5298
5290
5201
5152
5383
5379
5294
4880
5286
4939
5359
4875
5265
5076
4793
5123
5366
4823
5238
5371
5070
5107
5282
4980
5160
4983
5141
5211
4912
4854
5011
4914
5156
5039
5109
5084
5192
4924
4873
5143
5361
5415
5172
4812
5280
5082
4947
5247
4950
5054
5078
5215
4969
5073
5158
4919
5100
4978
5029
4870
5057
5124
5018
5114
4799
5301
5210
4816
5316
5313
5104
4928
4783
5385
5044
5184
4926
5263
4998
4910
5303
5095
5341
5196
5326
4860
5322
5032
5349
5255
4937
5426
5200
5154
5319
5306
5105
5407
5043
5226
4953
5052
5227
4976
5125
4927
5118
5083
4817
5332
5208
5220
4963
4784
5424
5228
5346
5395
5140
5225
5187
4858
4853
5287
5195
5429
5234
10357
10373
10343
10325
10382
10430
10309
10376
10400
10414
10322
10327
10413
10377
10402
10296
10321
10339
10295
10316
10287
10369
10361
10359
10294
10364
10380
10428
10366
10368
10375
10292
10384
10347
10420
10427
10291
10416
10307
10405
10304
10398
10389
10367
10425
10386
10329
10394
10397
10406
10432
10346
10350
10391
10288
10378
10356
10310
10286
10333
10415
10381
10299
10305
10317
10399
10426
10371
10423
10354
10353
10351
10412
10355
10336
10330
10303
10385
10383
10407
10326
10332
10352
10308
10411
10429
10408
10290
10410
10300
10301
10334
10363
10319
10297
10324
10341
10285
10379
10349
10419
10302
10328
10404
10338
10392
10360
10337
10298
10293
10342
10422
10344
10306
10358
10348
10312
10424
10401
10372
10345
10340
10320
10374
10331
10313
10323
10370
10318
10396
10335
10409
10393
10395
10388
10421
10315
10431
10390
10289
10362
10417
10314
10311
10365
7516
7384
7446
7570
7501
7482
7318
7335
7395
7304
7429
7600
7581
7423
7560
7425
7439
7317
7577
7311
7462
7306
7337
7319
7336
7353
7565
7460
7371
7483
7407
7312
7601
7397
7271
7365
7435
7357
7448
7381
7308
7310
7612
7417
7328
7518
7603
7546
7563
7480
7276
7476
7481
7322
7366
7464
7431
7580
7411
7602
7549
7405
7430
7523
7455
7422
7532
7590
7359
7356
7512
7301
7613
7296
7583
7380
7370
7277
7412
7454
7510
7478
7288
7360
7553
7492
7561
7443
7344
7542
7526
7367
7406
7537
7432
7519
7437
7556
7287
7534
7441
7579
7294
7299
7270
7424
7279
7587
7348
7607
7305
7595
7378
7466
7330
7401
7283
7541
7487
7387
7398
7484
7400
7615
7453
7388
7485
7290
7451
7618
7399
7477
7347
7364
7617
7350
7610
7463
7529
7416
7282
7302
7550
7597
7323
7419
7473
7445
7468
7594
7585
7493
7351
7285
7497
7458
7608
7471
7363
7338
7410
7404
7309
7567
7383
7588
7449
7503
7578
7402
7394
7291
7573
7568
7280
7536
7520
7609
7576
7300
7574
7297
7499
7345
7377
7530
7575
7368
7558
7372
7332
7591
7355
7440
7551
7315
7326
7428
7490
7470
7533
7531
7500
7584
7329
7545
7611
7457
7505
7559
7456
7286
7489
7555
7434
7450
7569
7320
7472
7273
7508
7340
7327
7303
7566
7393
7321
7331
7325
7479
7552
7564
7362
7605
7513
7418
7535
7354
7433
7586
7413
